 50 60 
 0 75 82 486 30.00 30.00 
 99999 3 8 15 8 15 3 8 
 8 3 3 8 8 3 3 15 
 15 8 8 15 15 3 8 8 
 8 3 3 8 3 15 15 3 
 8 15 15 3 8 3 15 8 
 15 15 3 3 15 15 3 8 
 15 3 
 82 157 197 628 10.00 10.00 
 3 99999 8 15 8 15 3 8 
 8 3 3 8 8 3 3 15 
 15 8 8 15 15 3 8 8 
 8 3 3 8 3 15 15 3 
 8 15 15 3 8 3 15 8 
 15 15 3 3 15 15 3 8 
 15 3 
 59 134 160 561 10.00 10.00 
 8 8 99999 15 8 15 3 8 
 8 3 3 8 8 3 3 15 
 15 8 8 15 15 3 8 8 
 8 3 3 8 3 15 15 3 
 8 15 15 3 8 3 15 8 
 15 15 3 3 15 15 3 8 
 15 3 
 28 103 117 565 30.00 30.00 
 15 15 15 99999 8 15 3 8 
 8 3 3 8 8 3 3 15 
 15 8 8 15 15 3 8 8 
 8 3 3 8 3 15 15 3 
 8 15 15 3 8 3 15 8 
 15 15 3 3 15 15 3 8 
 15 3 
 126 201 261 735 10.00 10.00 
 8 8 8 8 99999 15 3 8 
 8 3 3 8 8 3 3 15 
 15 8 8 15 15 3 8 8 
 8 3 3 8 3 15 15 3 
 8 15 15 3 8 3 15 8 
 15 15 3 3 15 15 3 8 
 15 3 
 20 95 106 524 30.00 30.00 
 15 15 15 15 15 99999 3 8 
 8 3 3 8 8 3 3 15 
 15 8 8 15 15 3 8 8 
 8 3 3 8 3 15 15 3 
 8 15 15 3 8 3 15 8 
 15 15 3 3 15 15 3 8 
 15 3 
 110 185 229 664 10.00 10.00 
 3 3 3 3 3 3 99999 8 
 8 3 3 8 8 3 3 15 
 15 8 8 15 15 3 8 8 
 8 3 3 8 3 15 15 3 
 8 15 15 3 8 3 15 8 
 15 15 3 3 15 15 3 8 
 15 3 
 23 98 108 523 30.00 30.00 
 8 8 8 8 8 8 8 99999 
 8 3 3 8 8 3 3 15 
 15 8 8 15 15 3 8 8 
 8 3 3 8 3 15 15 3 
 8 15 15 3 8 3 15 8 
 15 15 3 3 15 15 3 8 
 15 3 
 42 117 132 578 30.00 30.00 
 8 8 8 8 8 8 8 8 
 99999 3 3 8 8 3 3 15 
 15 8 8 15 15 3 8 8 
 8 3 3 8 3 15 15 3 
 8 15 15 3 8 3 15 8 
 15 15 3 3 15 15 3 8 
 15 3 
 42 117 130 569 30.00 30.00 
 3 3 3 3 3 3 3 3 
 3 99999 3 8 8 3 3 15 
 15 8 8 15 15 3 8 8 
 8 3 3 8 3 15 15 3 
 8 15 15 3 8 3 15 8 
 15 15 3 3 15 15 3 8 
 15 3 
 57 132 149 615 30.00 30.00 
 3 3 3 3 3 3 3 3 
 3 3 99999 8 8 3 3 15 
 15 8 8 15 15 3 8 8 
 8 3 3 8 3 15 15 3 
 8 15 15 3 8 3 15 8 
 15 15 3 3 15 15 3 8 
 15 3 
 39 114 126 551 30.00 30.00 
 8 8 8 8 8 8 8 8 
 8 8 8 99999 8 3 3 15 
 15 8 8 15 15 3 8 8 
 8 3 3 8 3 15 15 3 
 8 15 15 3 8 3 15 8 
 15 15 3 3 15 15 3 8 
 15 3 
 186 261 336 834 10.00 10.00 
 8 8 8 8 8 8 8 8 
 8 8 8 8 99999 3 3 15 
 15 8 8 15 15 3 8 8 
 8 3 3 8 3 15 15 3 
 8 15 15 3 8 3 15 8 
 15 15 3 3 15 15 3 8 
 15 3 
 175 250 316 790 10.00 10.00 
 3 3 3 3 3 3 3 3 
 3 3 3 3 3 99999 3 15 
 15 8 8 15 15 3 8 8 
 8 3 3 8 3 15 15 3 
 8 15 15 3 8 3 15 8 
 15 15 3 3 15 15 3 8 
 15 3 
 139 214 258 688 10.00 10.00 
 3 3 3 3 3 3 3 3 
 3 3 3 3 3 3 99999 15 
 15 8 8 15 15 3 8 8 
 8 3 3 8 3 15 15 3 
 8 15 15 3 8 3 15 8 
 15 15 3 3 15 15 3 8 
 15 3 
 235 310 409 967 10.00 10.00 
 15 15 15 15 15 15 15 15 
 15 15 15 15 15 15 15 99999 
 15 8 8 15 15 3 8 8 
 8 3 3 8 3 15 15 3 
 8 15 15 3 8 3 15 8 
 15 15 3 3 15 15 3 8 
 15 3 
 194 269 338 818 10.00 10.00 
 15 15 15 15 15 15 15 15 
 15 15 15 15 15 15 15 15 
 99999 8 8 15 15 3 8 8 
 8 3 3 8 3 15 15 3 
 8 15 15 3 8 3 15 8 
 15 15 3 3 15 15 3 8 
 15 3 
 162 237 287 726 10.00 10.00 
 8 8 8 8 8 8 8 8 
 8 8 8 8 8 8 8 8 
 8 99999 8 15 15 3 8 8 
 8 3 3 8 3 15 15 3 
 8 15 15 3 8 3 15 8 
 15 15 3 3 15 15 3 8 
 15 3 
 69 144 160 607 30.00 30.00 
 8 8 8 8 8 8 8 8 
 8 8 8 8 8 8 8 8 
 8 8 99999 15 15 3 8 8 
 8 3 3 8 3 15 15 3 
 8 15 15 3 8 3 15 8 
 15 15 3 3 15 15 3 8 
 15 3 
 76 151 169 624 30.00 30.00 
 15 15 15 15 15 15 15 15 
 15 15 15 15 15 15 15 15 
 15 15 15 99999 15 3 8 8 
 8 3 3 8 3 15 15 3 
 8 15 15 3 8 3 15 8 
 15 15 3 3 15 15 3 8 
 15 3 
 504 579 628 866 15.00 15.00 
 15 15 15 15 15 15 15 15 
 15 15 15 15 15 15 15 15 
 15 15 15 15 99999 3 8 8 
 8 3 3 8 3 15 15 3 
 8 15 15 3 8 3 15 8 
 15 15 3 3 15 15 3 8 
 15 3 
 257 332 425 799 30.00 30.00 
 3 3 3 3 3 3 3 3 
 3 3 3 3 3 3 3 3 
 3 3 3 3 3 99999 8 8 
 8 3 3 8 3 15 15 3 
 8 15 15 3 8 3 15 8 
 15 15 3 3 15 15 3 8 
 15 3 
 150 225 333 712 25.00 25.00 
 8 8 8 8 8 8 8 8 
 8 8 8 8 8 8 8 8 
 8 8 8 8 8 8 99999 8 
 8 3 3 8 3 15 15 3 
 8 15 15 3 8 3 15 8 
 15 15 3 3 15 15 3 8 
 15 3 
 101 176 269 610 10.00 10.00 
 8 8 8 8 8 8 8 8 
 8 8 8 8 8 8 8 8 
 8 8 8 8 8 8 8 99999 
 8 3 3 8 3 15 15 3 
 8 15 15 3 8 3 15 8 
 15 15 3 3 15 15 3 8 
 15 3 
 203 278 398 721 15.00 15.00 
 8 8 8 8 8 8 8 8 
 8 8 8 8 8 8 8 8 
 8 8 8 8 8 8 8 8 
 99999 3 3 8 3 15 15 3 
 8 15 15 3 8 3 15 8 
 15 15 3 3 15 15 3 8 
 15 3 
 220 295 378 781 30.00 30.00 
 3 3 3 3 3 3 3 3 
 3 3 3 3 3 3 3 3 
 3 3 3 3 3 3 3 3 
 3 99999 3 8 3 15 15 3 
 8 15 15 3 8 3 15 8 
 15 15 3 3 15 15 3 8 
 15 3 
 250 325 426 954 20.00 20.00 
 3 3 3 3 3 3 3 3 
 3 3 3 3 3 3 3 3 
 3 3 3 3 3 3 3 3 
 3 3 99999 8 3 15 15 3 
 8 15 15 3 8 3 15 8 
 15 15 3 3 15 15 3 8 
 15 3 
 259 334 498 897 20.00 20.00 
 8 8 8 8 8 8 8 8 
 8 8 8 8 8 8 8 8 
 8 8 8 8 8 8 8 8 
 8 8 8 99999 3 15 15 3 
 8 15 15 3 8 3 15 8 
 15 15 3 3 15 15 3 8 
 15 3 
 287 362 521 1012 15.00 15.00 
 3 3 3 3 3 3 3 3 
 3 3 3 3 3 3 3 3 
 3 3 3 3 3 3 3 3 
 3 3 3 3 99999 15 15 3 
 8 15 15 3 8 3 15 8 
 15 15 3 3 15 15 3 8 
 15 3 
 421 496 634 1023 20.00 20.00 
 15 15 15 15 15 15 15 15 
 15 15 15 15 15 15 15 15 
 15 15 15 15 15 15 15 15 
 15 15 15 15 15 99999 15 3 
 8 15 15 3 8 3 15 8 
 15 15 3 3 15 15 3 8 
 15 3 
 400 475 674 976 15.00 15.00 
 15 15 15 15 15 15 15 15 
 15 15 15 15 15 15 15 15 
 15 15 15 15 15 15 15 15 
 15 15 15 15 15 15 99999 3 
 8 15 15 3 8 3 15 8 
 15 15 3 3 15 15 3 8 
 15 3 
 254 329 512 863 30.00 30.00 
 3 3 3 3 3 3 3 3 
 3 3 3 3 3 3 3 3 
 3 3 3 3 3 3 3 3 
 3 3 3 3 3 3 3 99999 
 8 15 15 3 8 3 15 8 
 15 15 3 3 15 15 3 8 
 15 3 
 281 356 524 963 25.00 25.00 
 8 8 8 8 8 8 8 8 
 8 8 8 8 8 8 8 8 
 8 8 8 8 8 8 8 8 
 8 8 8 8 8 8 8 8 
 99999 15 15 3 8 3 15 8 
 15 15 3 3 15 15 3 8 
 15 3 
 296 371 562 872 10.00 10.00 
 15 15 15 15 15 15 15 15 
 15 15 15 15 15 15 15 15 
 15 15 15 15 15 15 15 15 
 15 15 15 15 15 15 15 15 
 15 99999 15 3 8 3 15 8 
 15 15 3 3 15 15 3 8 
 15 3 
 236 311 412 896 15.00 15.00 
 15 15 15 15 15 15 15 15 
 15 15 15 15 15 15 15 15 
 15 15 15 15 15 15 15 15 
 15 15 15 15 15 15 15 15 
 15 15 99999 3 8 3 15 8 
 15 15 3 3 15 15 3 8 
 15 3 
 417 492 717 1231 30.00 30.00 
 3 3 3 3 3 3 3 3 
 3 3 3 3 3 3 3 3 
 3 3 3 3 3 3 3 3 
 3 3 3 3 3 3 3 3 
 3 3 3 99999 8 3 15 8 
 15 15 3 3 15 15 3 8 
 15 3 
 396 471 564 1013 20.00 20.00 
 8 8 8 8 8 8 8 8 
 8 8 8 8 8 8 8 8 
 8 8 8 8 8 8 8 8 
 8 8 8 8 8 8 8 8 
 8 8 8 8 99999 3 15 8 
 15 15 3 3 15 15 3 8 
 15 3 
 360 435 572 964 20.00 20.00 
 3 3 3 3 3 3 3 3 
 3 3 3 3 3 3 3 3 
 3 3 3 3 3 3 3 3 
 3 3 3 3 3 3 3 3 
 3 3 3 3 3 99999 15 8 
 15 15 3 3 15 15 3 8 
 15 3 
 386 461 654 1036 15.00 15.00 
 15 15 15 15 15 15 15 15 
 15 15 15 15 15 15 15 15 
 15 15 15 15 15 15 15 15 
 15 15 15 15 15 15 15 15 
 15 15 15 15 15 15 99999 8 
 15 15 3 3 15 15 3 8 
 15 3 
 416 491 725 1098 20.00 20.00 
 8 8 8 8 8 8 8 8 
 8 8 8 8 8 8 8 8 
 8 8 8 8 8 8 8 8 
 8 8 8 8 8 8 8 8 
 8 8 8 8 8 8 8 99999 
 15 15 3 3 15 15 3 8 
 15 3 
 437 512 732 1127 15.00 15.00 
 15 15 15 15 15 15 15 15 
 15 15 15 15 15 15 15 15 
 15 15 15 15 15 15 15 15 
 15 15 15 15 15 15 15 15 
 15 15 15 15 15 15 15 15 
 99999 15 3 3 15 15 3 8 
 15 3 
 439 514 763 1134 30.00 30.00 
 15 15 15 15 15 15 15 15 
 15 15 15 15 15 15 15 15 
 15 15 15 15 15 15 15 15 
 15 15 15 15 15 15 15 15 
 15 15 15 15 15 15 15 15 
 15 99999 3 3 15 15 3 8 
 15 3 
 223 298 401 815 25.00 25.00 
 3 3 3 3 3 3 3 3 
 3 3 3 3 3 3 3 3 
 3 3 3 3 3 3 3 3 
 3 3 3 3 3 3 3 3 
 3 3 3 3 3 3 3 3 
 3 3 99999 3 15 15 3 8 
 15 3 
 244 319 450 827 10.00 10.00 
 3 3 3 3 3 3 3 3 
 3 3 3 3 3 3 3 3 
 3 3 3 3 3 3 3 3 
 3 3 3 3 3 3 3 3 
 3 3 3 3 3 3 3 3 
 3 3 3 99999 15 15 3 8 
 15 3 
 254 329 456 927 15.00 15.00 
 15 15 15 15 15 15 15 15 
 15 15 15 15 15 15 15 15 
 15 15 15 15 15 15 15 15 
 15 15 15 15 15 15 15 15 
 15 15 15 15 15 15 15 15 
 15 15 15 15 99999 15 3 8 
 15 3 
 346 421 673 1042 30.00 30.00 
 15 15 15 15 15 15 15 15 
 15 15 15 15 15 15 15 15 
 15 15 15 15 15 15 15 15 
 15 15 15 15 15 15 15 15 
 15 15 15 15 15 15 15 15 
 15 15 15 15 15 99999 3 8 
 15 3 
 289 364 527 958 20.00 20.00 
 3 3 3 3 3 3 3 3 
 3 3 3 3 3 3 3 3 
 3 3 3 3 3 3 3 3 
 3 3 3 3 3 3 3 3 
 3 3 3 3 3 3 3 3 
 3 3 3 3 3 3 99999 8 
 15 3 
 307 382 577 916 20.00 20.00 
 8 8 8 8 8 8 8 8 
 8 8 8 8 8 8 8 8 
 8 8 8 8 8 8 8 8 
 8 8 8 8 8 8 8 8 
 8 8 8 8 8 8 8 8 
 8 8 8 8 8 8 8 99999 
 15 3 
 302 377 468 894 15.00 15.00 
 15 15 15 15 15 15 15 15 
 15 15 15 15 15 15 15 15 
 15 15 15 15 15 15 15 15 
 15 15 15 15 15 15 15 15 
 15 15 15 15 15 15 15 15 
 15 15 15 15 15 15 15 15 
 99999 3 
 136 211 345 828 20.00 20.00 
 3 3 3 3 3 3 3 3 
 3 3 3 3 3 3 3 3 
 3 3 3 3 3 3 3 3 
 3 3 3 3 3 3 3 3 
 3 3 3 3 3 3 3 3 
 3 3 3 3 3 3 3 3 
 3 99999 
