8.100838807537535*^6
7.311827560460561*^6
6.6123487682633875*^6
5.990838610725015*^6
5.437402938493255*^6
4.943551571349884*^6
4.501978659905358*^6
4.1063804968807613*^6
3.7513038854093365*^6
3.43201952935082*^6
3.144415984410223*^6
2.884910561367785*^6
2.650374251850863*^6
2.438068290186821*^6
2.245590400645884*^6
2.070829130372364*^6
1.9119249519526816*^6
1.7672370495522665*^6
1.6353148897065588*^6
1.5148738305368964*^6
1.4047741482277364*^6
1.304002962243963*^6
1.2116586253427772*^6
1.1269372142445412*^6
1.0491208146768974*^6
977567.3425101708
911701.6826906791
851007.9610386917
795022.7918981995
743329.3680334928
695552.2788537224
651352.9596243439
610425.6883272724
572494.0586796396
537307.867866157
504640.3660776335
474285.82221543643
446057.36632198043
419785.074595224
395314.2673834404
372503.9944462123
351225.6851144719
331361.9438585768
312805.47425763647
295458.1165048192
279229.9854399713
264038.69770583836
249808.67801958424
236470.53576172743
223960.5041405326
212219.93510790862
201194.8440056105
190835.498621962
181096.04795231903
171934.1864952451
163310.85038765694
155189.94209732662
147538.0807557227
140324.37553590315
133520.21976316717
127099.10369676667
121036.4441420869
115309.42924844312
109896.87702107803
104779.10622993278
99937.8185340968
95355.99076258428
91017.77639975118
86908.41542015466
83014.15170332635
79322.1573354619
75820.46317344977
72497.89510786586
69344.01551610985
66349.06944610468
63503.93511477017
60800.07834500239
58229.510600279275
55784.75030795399
53458.787190792085
51245.04935231491
49137.3728845877
47129.97378819481
45217.42201300884
43394.617445506396
41656.76768380806
39999.367455645304
38418.17954713588
36909.21712166437
35468.72731865613
34093.17603141272
32779.23377179263
31523.762537292834
30323.803603185657
29176.566168802594
28079.416792936154
27029.869558680166
26025.576912893877
25064.32112993805
24144.006353388653
23262.651173135764
22418.3816986676
21609.425092461093
20834.103530193894
20090.82855714308
19378.09581246708
18694.48009528486
18038.630748447813
17409.26733774209
16805.175605942804
16225.203682694211
15668.25853260915
15133.302625292534
14619.350812195822
14125.4673963255
13650.763381838804
13194.393891509722
12755.555740916294
12333.485158993386
11927.45564534447
11536.77595537453
11160.788204955214
10798.866086894286
10450.413192038055
10114.86142832128
9791.669531548932
9480.321662112774
9180.326082250605
8891.213908809845
8612.537936834071
8343.871529583437
8084.807570919108
7834.957476225546
7593.950258321418
7361.431645022548
7137.063245256481
6920.521760814391
6711.49824102785
6509.69737782141
6314.836838764861
6126.646635891468
5944.868528200063
5769.255455878901
5599.571004423267
5435.588896924314
5277.092512920692
5123.87443229635
4975.7360028108105
4832.486929923794
4693.944887668873
4559.935149395485
4430.2902372801145
4304.849589564521
4183.459244547832
4065.971540413092
3952.244830026552
3842.1432098941605
3735.5362625143193
3632.29881140254
3532.310688113054
3435.4565106156347
3341.6254724274336
3250.711141930006
3162.6112713378097
3077.2276148123524
2994.4657552454255
2914.234939262585
2836.447920021533
2761.020807405427
2687.8729252323606
2616.926675123495
2548.107406692001
2481.343293733451
2416.565216116262
2353.706647085907
2292.7035457136026
2233.494254233541
2176.0194000273227
2120.2218020264713
2066.0463813163915
2013.4400757367289
1962.3517582838808
1912.7321591311722
1864.53379109254
1817.7108783641947
1772.2192883874884
1728.0164666842659
1685.0613745236233
1643.3144292863446
1602.7374473998434
1563.2935897234881
1524.9473092693404
1487.6643011501833
1451.4114546513094
1416.1568073282017
1381.8695010370225
1348.5197398092125
1316.078749486387
1284.5187390352341
1253.812863466509
1223.9351882858841
1194.8606554077332
1166.5650504663035
1139.024971462222
1112.2177986848135
1086.1216658538488
1060.7154324270211
1035.978657021878
1011.8915719034861
988.4350584913241
965.5906238412176
943.3403780600469
921.6670126130006
900.5537794850707
879.984471160225
859.9434013833335
840.4153866716234
821.3857285438542
802.8401964370598
784.7650112817795
767.1468297082703
749.9727288574278
733.2301917710405
716.9070933376203
700.9916867706276
685.472590597302
670.3387761371018
655.5795554497306
641.1845697335941
627.1437781564489
613.4474471006745
600.0861398065225
587.0507063972318
574.3322742708665
561.9222388440385
549.8122546337012
537.9942266634246
526.4603021814722
515.2028626782969
504.2145161916984
493.4880898884754
483.0166229115893
472.7933594827836
462.8117422504485
453.0654058735379
443.54817083218825
434.25403745658895
425.17718016548565
416.3119419065677
407.65282879084486
399.1945049138475
390.93178735640186
382.8596413584003
374.97317565891103
367.26763799651116
359.7384107637715
352.3810068102588
345.19106538842357
338.16434823722267
331.2967357982607
324.58422355970396
318.02291852319
311.60903578930464
305.3388952572513
299.2089184346205
293.21562535322124
287.3556315871976
281.6256453696862
276.0224648045564
270.5429751697405
265.1841463089796
259.9430301087557
254.8167580574608
249.802538883831
244.89765627191323
240.09946664980478
235.40539704966002
230.8129430363842
226.31966670270853
221.923194728256
217.62121650046186
213.41148229513112
209.2918015146476
205.26004098180053
201.31412328736653
197.4520251895615
193.67177606365362
189.9714563999713
186.34919634872244
182.80317430999423
179.3316155674557
175.93279096424996
172.60501561970946
169.34664768547833
166.15608713978102
163.0317746185212
159.97219028203304
156.9758527162607
154.0413178672851
151.16717800804088
148.3520607362259
145.59462800233405
142.89357516687
140.24763008575783
137.65555222306475
135.1161317901275
132.6281889102459
130.19057280811597
127.8021610232038
125.46185864630124
123.16859757851626
120.92133581198658
118.71905673162668
116.56076843723892
114.44550308534562
112.37231625012603
110.34028630284406
108.34851380920301
106.3961209440521
104.48225092291337
102.60606744979766
100.76675418081096
98.96351420305304
97.19556952834687
95.46216060132961
93.76254582147494
92.09600107861019
90.46181930152143
88.85931001924357
87.28779893465187
85.74662750997815
84.23515256389338
82.75274587980529
81.29879382503434
79.87269698053798
78.47386978087022
77.10174016406759
75.75574923116564
74.4353509150606
73.1400116584368
71.86921010049049
70.6224367721909
69.39919379982949
68.19899461660573
67.02136368202211
65.86583620885419
64.73195789747429
63.619284677318504
62.52738245528349
61.45582687085706
60.404203057783775
59.37210541207893
58.35913736620729
57.364911169248074
56.389047672876686
55.43117612299506
54.49093395684932
53.56796660547899
52.66192730134566
51.77247689099473
50.89928365260646
50.04202311830027
49.200377901055994
48.374037526124205
47.56269826679938
46.76606298443113
45.98384097256011
45.21574780505865
44.46150518816832
43.72084081632376
42.993488231659526
42.27918668709869
41.57768101292086
40.88872148672048
40.212063706654355
39.547468467895676
38.894701642201106
38.25353406051116
37.62374139849565
37.005104064970766
36.39740709310304
35.80044003433176
35.21399685492982
34.637875835138395
34.071879470800276
33.51581437742998
32.969491196651425
32.432724504943174
31.90533272462722
31.38713803704409
30.877966297852826
30.3776469544045
29.886012965128817
29.402900720886127
28.928149968228723
28.46160373452454
28.003108254891927
27.552512900900453
27.109670110989217
26.674435322560946
26.24666690570438
25.82622609850724
25.4129769439143
25.00678622809435
24.607523420273758
24.2150606140023
23.82927246981109
23.45003615923012
23.07723131012792
22.7107399533415
22.350446470562375
21.996237543448487
21.648002103927986
21.30563128566846
20.969018376678495
20.63805877301599
20.31264993357281
19.99269133591127
19.67808443312356
19.368732611690795
19.064541150314557
18.765417179698936
18.47126964325701
18.182009258721216
17.89754848063287
17.617801463691535
17.342684026940145
17.07211361876849
16.806009282711695
16.54429162402717
16.286882777028293
16.033706373158587
15.784687509786432
15.539752719704172
15.29882994131359
15.061848489481475
14.82873902704897
14.599433536978903
14.373865295125498
14.151968843611844
13.933679964800119
13.718935655840633
13.507674103785465
13.299834661253728
13.09535782263457
12.894185200815889
12.696259504425528
12.50152451557317
12.309925068081059
12.121407026191946
11.935917263742695
11.753403643793066
11.573814998698634
11.39710111061734
11.223212692439883
11.052101369133645
10.883719659490541
10.718020958269694
10.554959518725294
10.394490435510948
10.236569627951742
10.081153823675512
9.928200542594862
9.777668081232123
9.629515497378964
9.483702595083463
9.340189909956395
9.19893869479034
9.059910905483578
8.923069187262351
8.788376861194422
8.655797910987568
8.525296970066172
8.396839308919875
8.27039082271801
8.145918019183878
8.023388006722863
7.902768482798921
7.7840277225534775
7.667134567661656
7.552058415420309
7.438769208062713
7.327237422294836
7.217434059048323
7.10933063344521
7.0028991649698265
6.898112167843187
6.794942641595466
6.693364061831938
6.593350371188537
6.494875970472381
6.397915709983522
6.302444881013861
6.208439207519142
6.115874837960561
6.024728337312023
5.934976679229536
5.846597238379138
5.759567782920092
5.673866467139653
5.5894718242364245
5.506362759248937
5.424518542126264
5.343918800937793
5.264543515218924
5.186373009449888
5.109387946664913
5.033569322188687
4.95889845749769
4.885356994203437
4.8129268881552845
4.741590403660087
4.671330107816204
4.602128864959598
4.533969831219431
4.466836449180978
4.400712442653559
4.3355818115412275
4.271428826814065
4.208238025578052
4.145994206241265
4.084682423774554
4.024287985064589
3.964796444357411
3.9061935987906304
3.8484654840122796
3.7915983698846834
3.735578756271444
3.6803933689059414
3.6260291553395043
3.572473280967746
3.5197131251333493
3.467736277303804
3.416530533322457
3.366083891731444
3.3163845501649845
3.2674209018116236
3.2191815319439905
3.1716552145146406
3.1248309088167736
3.0786977562083395
3.033245076898335
2.988462366794024
2.9443392944078046
2.900865697822511
2.8580315817140494
2.8158271144300824
2.7742426251237315
2.7332686009411433
2.6928956842618264
2.6531146699907464
2.613916502901047
2.575292275026528
2.537233223102712
2.4997307260556614
2.4627763025375335
2.4263616085079542
2.3904784348602837
2.355118705091921
2.320274473017712
2.285937920525676
2.252101355374154
2.218757209029581
2.1858980345441155
2.1535165044722673
2.1216054088258236
2.0901576530662864
2.05916625613409
2.028624348513884
1.9985251703351656
1.9688620695075822
1.9396284998902258
1.9108180194942361
1.8824242887181024
1.8544410686149844
1.8268622191914723
1.7996816977371415
1.7728935571843316
1.7464919444975473
1.720471099091928
1.6948253512801992
1.6695491207475863
1.6446369150541376
1.620083328163924
1.5958830390006151
1.572030810028925
1.54852148586142
1.5253499918902105
1.502511332943061
1.4800005919634511
1.4578129287141082
1.4359435785036057
1.4143878509355552
1.3931411286799855
1.372198866266477
1.3515565888986518
1.3312098912895958
1.3111544365178511
1.2913859549035545
1.2719002429043793
1.2526931620308719
1.233760637780862
1.2150986585925507
1.1967032748159374
1.1785705977022733
1.1606967984111638
1.1430781070350045
1.1257108116404462
1.108591257326557
1.0917158452993603
1.0750810319624793
1.0586833280235521
1.0425192976161515
1.0265855574369258
1.010878775897644
0.9953956722919319
0.9801330159763603
0.9650876255656786
0.9502563681419074
0.9356361584770355
0.9212239582690824
0.9070167753912757
0.8930116631541114
0.8792057195800449
0.8655960866906157
0.8521799498057375
0.8389545368549688
0.8259171177005311
0.8130650034718591
0.8003955459114831
0.7879061367320337
0.7755942069841711
0.7634572264352367
0.7514927029584445
0.7396981819324068
0.7280712456508279
0.7166095127421653
0.7053106375990977
0.6941723098176019
0.6831922536454945
0.6723682274402402
0.6616980231358898
0.6511794657189601
0.6408104127131142
0.6305887536724797
0.6205124096834438
0.6105793328747958
0.6007875059360401
0.5911349416437628
0.5816196823958905
0.5722397997537085
0.5629933939915082
0.5538785936537117
0.5448935551193584
0.5360364621738201
0.5273055255876101
0.5186989827021676
0.5102150970224946
0.5018521578165278
0.4936084797211134
0.48548240235449075
0.47747228993515123
0.4695765309069717
0.4617935375705079
0.4541217457203415
0.4465596142883768
0.43910562499297623
0.43175828199384264
0.4245161115525353
0.41737766169853474
0.4103415019007477
0.40340622274436183
0.39657043561295857
0.3898327723757872
0.3831918850801127
0.3766464456485497
0.3701951455812893
0.36383669566313886
0.3575698256752871
0.3513932841117132
0.34530583790015507
0.3393062721275566
0.3333933897699198
0.32756601142647807
0.3218229750581148
0.3161631357299535
0.3105853653580455
0.30508855246007793
0.2996716019100362
0.29433343469674406
0.28907298768621226
0.28388921338773204
0.2787810797236374
0.2737475698026756
0.26878768169691575
0.2639004282221323
0.2590848367215981
0.2543399488532253
0.24966482037998708
0.24505852096356362
0.24052013396114716
0.2360487562253481
0.23164349790714114
0.22730348226179145
0.2230278454577065
0.2188157363881503
0.21466631648576662
0.21057875953985408
0.2065522515163358
0.2025859903803684
0.1986791859215379
0.19483105958158195
0.1910408442845916
0.18730778426963351
0.18363113492574207
0.1800101626292269
0.17644414458324392
0.17293236865957823
0.1694741332425854
0.16606874707524177
0.16271552910724946
0.15941380834514657
0.1561629237043731
0.15296222386323802
0.1498110671187396
0.14670882124418982
0.14365486334858782
0.1406485797376968
0.13768936577677232
0.1347766257548921
0.1319097727508372
0.12908822850047533
0.12631142326559577
0.12357879570414591
0.12088979274182118
0.11824386944495636
0.11564048889466932
0.11307912206220791
0.11055924768544982
0.10808035214650498
0.10564192935037106
0.10324348060459274
0.10088451449987354
0.09856454679159166
0.09628310028216887
0.09403970470424329
0.09183389660459594
0.08966521922878141
0.0875332224064126
0.0854374624370505
0.08337750197664921
0.08135290992450758
0.07936326131067732
0.07740813718377934
0.07548712449918141
0.07359981600748602
0.07174581014328432
0.06992471091412597
0.06813612778966066
0.06637967559090491
0.06465497437958871
0.06296164934753817
0.06129933070605135
0.05966765357522513
0.058066257873192126
0.05649478820522849
0.054952893752694805
0.05344022816177391
0.051956449431970766
0.050501219804343
0.04907420564943147
0.04767507735486311
0.04630350921260136
0.044959179305822085
0.0436417693953952
0.0423509648059574
0.04108645431156311
0.039847930020905496
0.038635087262104344
0.03744762446705984
0.03628524305537931
0.03514764731788583
0.03403454429972538
0.03294564368309441
0.031880657669615155
0.030839300862393663
0.029821290147801743
0.028826344577031957
0.027854185247481626
0.026904535184031075
0.025977119220289092
0.0250716638798877
0.024187897257918194
0.023325548902609333
0.022484349697359823
0.02166403174324668
0.020864328242143088
0.020084973380590176
0.019325702214578674
0.018586250555409165
0.01786635485681132
0.01716575210351541
0.016484179701482356
0.01582137537001154
0.015177077035958754
0.014551022730310165
0.013942950487371307
0.013352598246843688
0.012779703759074432
0.012224004493777833
0.011685237552539978
0.011163139585430353
0.010657446712055586
0.01016789444740259
0.009694217632827788
0.009236150372559664
0.008793425976089867
0.008365776906835723
0.007952934737463148
0.007554630112263466
0.0071705927169805625
0.00680055125648592
0.006444233440698047
0.006101365979139689
0.005771674584520405
0.005454883985724004
0.005150717950569087
0.004858899318696886
0.004579150044923174
0.004311191253370223
0.0040547433026705505
0.0038095258625058482
0.0035752580017124717
0.0033516582881488862
0.0031384449004798346
0.00293533575198765
0.00274204862647188
0.0025583013262453352
0.0023838118321764957
0.002218298475666537
0.0020614801223824185
0.001913076367497281
0.0017728077421147108
0.0016403959304754127
0.00151556399746317
0.0013980366258425222
0.0012875403625734073
0.0011838038734589352
0.0010865582052918508
0.0009955370545739394
0.0009104770417912746
0.0008311179901377695
0.0007572032074906801
0.0006884797703557804
0.0006246988084176879
0.0005656157882535778
0.0005109907946974255
0.0004605888082780948
0.00041417997709957435
0.00037153988148648086
0.0003324497896841465
0.00029669690288141877
0.00026407458781700866
0.0002343825952381315
0.00020742726250447187
0.00018302169867220395
0.00016098595045296272
0.00014114714752201744
0.00012333962574913
0.00010740502704503083
0.00009319237465631153
0.00008055812290162811
0.00006936618052198764
0.00005948790701672539
0.000050802081553357674
0.00004319484427221399
0.00003655961005355434
0.000030796955073285955
0.000025814476740475368
0.000021526627882223567
0.000017854526315339952
0.000014725741215415973
0.000012074057957810877
9.839223356887334*^-6
7.966673464526018*^-6
6.4072463013483325*^-6
5.116882079035765*^-6
4.056313624640035*^-6
3.190749833113779*^-6
2.4895550481971925*^-6
1.925927300647249*^-6
1.4765783137854894*^-6
1.1214181176569333*^-6
8.432469940936353*^-7
6.274573063360215*^-7
4.6174755069965924*^-7
3.358507077187067*^-7
2.41278671431654*^-7
1.710842046902261*^-7
1.1964151365560878*^-7
8.244616528964665*^-8
5.5934697872216266*^-8
3.732390716962465*^-8
2.4469440770266216*^-8
1.57430108691808*^-8
9.927251123220577*^-9
6.1270044110433515*^-9
3.695641818090477*^-9
2.174883011343467*^-9
1.246515839504819*^-9
6.943971946947628*^-10
3.751538803649848*^-10
1.9608494195052388*^-10
9.888708425295609*^-11
4.797244863677834*^-11
2.2312497391216465*^-11
9.91251742659562*^-12
4.188680261734241*^-12
1.6756274173720489*^-12
6.312027547577369*^-13
2.2254918635781492*^-13
7.293906771578558*^-14
2.204726658902082*^-14
6.090955411345319*^-15
1.5220283025431246*^-15
3.3986834042332716*^-16
6.686753925297678*^-17
1.1400748919555922*^-17
1.6517679936072195*^-18
1.9866487415483984*^-19
1.9287498479639163*^-20
1.4610735677511663*^-21
8.28488097916534*^-23
3.340772058708413*^-24
8.984727173826228*^-26
1.4858442104537804*^-27
1.3610294993324117*^-29
6.023082399729945*^-32
1.073104273379614*^-34
6.002342510351489*^-38
7.440151952041666*^-42
1.2355065511008425*^-46
1.291605158209464*^-52
2.593361817274252*^-60
1.3818633378547087*^-70
5.535586106946945*^-85
1.334595107770637*^-106
1.1457277707041751*^-142
7.124576406741279*^-215
1.0151917795098904*^-431