7219.94067677844
6789.192213537082
6391.497405084174
6023.7657812349
5683.246138155921
5367.483949823482
5074.284773349012
4801.682717045921
4547.913197582312
4311.389341552305
4090.6814925139256
3884.49937160758
3691.6765116812485
3511.156644373878
3341.9817689959355
3183.2816732228225
3034.2647100232507
2894.2096640500295
2762.4585649740643
2638.41032561598
2521.5151000054116
2411.269271073986
2307.2109901084737
2208.916200621301
2115.995088317295
2028.0889065128683
1944.8671329714834
1866.0249197720354
1791.2808027063036
1720.3746408939867
1653.0657609405866
1589.1312830987683
1528.3646096194484
1470.5740578458674
1415.5816226611973
1363.2218546964136
1313.3408422724563
1265.795286422177
1220.4516595379512
1177.185439246307
1135.88041003448
1096.428025972614
1058.7268285903324
1022.6819146038167
988.204448746209
955.211217454535
923.6242196025563
893.370290861704
864.3807586162845
836.5911246705771
809.9407732577696
784.3727021067552
759.8332745419418
736.2719907854198
713.6412768074787
691.8962892269335
670.9947349042196
650.8967039955301
631.5645153509273
612.9625732402055
595.0572344829482
577.8166851418919
561.210826013513
545.2111662168504
529.790724243514
514.923935885893
500.586568511838
486.7556411982566
473.4093502779893
460.5269998914476
448.0889371682253
436.0764916949765
424.47191895408713
413.2583474426689
402.4197292055123
391.9407935362535
381.8070036209121
372.00451591526996
362.5201420643812
353.3413131865965
344.4560463589059
335.8529131521403
327.52101007654
319.4499308083241
311.62974007780497
304.05094910811937
296.70449250205894
289.5817064819332
282.6743083939998
275.9743773957261
269.4743362497584
263.1669341538562
257.04523054118675
251.10257978977126
245.33261678426447
239.72924327707136
234.28661499950672
228.99912947697925
223.86141450536388
218.86831724855637
214.01489391987022
209.29640001241148
204.7082810459197
200.24616379954696
195.90584800223465
191.68329845394538
187.5746375529119
183.57613820557097
179.68421709728779
175.89542830344303
172.20645722165509
168.6141148071701
165.11533209448964
161.70715498941257
158.38673931661157
155.15134610873926
151.99833712393024
148.92517057938403
145.9293970893584
143.0086557967066
140.16067068761168
137.38324707991345
134.6742682758417
132.0316923706187
129.45354920880172
126.93793748076635
124.48302195210924
122.08703081920554
119.74825318447769
117.4650366453964
115.23578499140643
113.05895600348848
110.93305935116781
108.85665458222866
106.82834920050375
104.84679682751087
102.91069544378604
101.01878570611713
99.16984933697493
97.36270758273007
95.5962197373383
93.86928172843079
92.18082476283432
90.52981402875534
88.91524745197313
87.3361545035474
85.79159505663323
84.28065829018759
82.80246163737381
81.35614977668416
79.94089366378455
78.55588960231134
77.20035835181369
75.87354427122837
74.57471449627876
73.30315814932521
72.05818558020435
70.83912763674441
69.64533496361824
68.47617732834375
67.33104297322751
66.20933799216921
65.11048573122773
64.03392621196838
62.979115576611875
61.94552555406155
60.93264294594376
59.939969131813115
58.96701959273388
58.01332345247242
57.0784230355739
56.16187344163165
55.26324213508414
54.38210854991467
53.51806370864014
52.670709855022174
51.839660099939124
51.02453807990393
50.224977627715454
49.440622454765546
48.67112584453959
47.91615035687795
47.17536754256423
46.44845766784947
45.73510944851881
45.03501979313792
44.34789355512042
43.673443293280926
43.011389040549425
42.36145808053532
41.72338473164632
41.0969101384757
40.48178207018365
39.87775472561393
39.28458854489273
38.70205002726993
38.12991155497165
37.56795122284438
37.01595267357472
36.47370493828491
35.94100228230685
35.41764405594653
34.90343455005922
34.39818285626264
33.90170273162215
33.4138124676461
32.934334763443246
32.46309660288806
31.999929135658085
31.544667562004765
31.09715102112686
30.65722248302309
30.224728643698857
29.799519823615007
29.381449869265662
28.97037605777573
28.566159004417234
28.16866257294301
27.77775378864363
27.393302754033712
27.01518256707947
26.64326924188386
26.27744163174249
25.917581354497333
25.563572720105633
25.21530266035513
24.872660660653054
24.535538693819223
24.203831155820772
23.877434803381373
23.556248693407777
23.24017412417066
22.929114578186233
22.62297566674251
22.321665076017283
22.025092514737132
21.7331696633282
21.44581012451163
21.16292937529783
20.884444720334066
20.610275246566232
20.340341779168124
20.074566838705334
19.812874599488513
19.55519084908504
19.30144294894778
19.051559796132537
18.805471786063567
18.563110776322695
18.324410051423584
18.08930428854754
17.857729524205837
17.629623121805665
17.40492374008903
17.18357130241966
16.965506966892423
16.75067309724088
16.539013234518325
16.330472069530984
16.124995415999066
15.922530184426423
15.72302435665535
15.526426961090086
15.332688048565045
15.14175866884314
14.953590847722964
14.768137564739073
14.585352731436707
14.405191170206404
14.227608593659806
14.052561584534178
13.880007576107758
13.709904833113951
13.542212433137657
13.376890248482969
13.213898928495968
13.053199882332768
12.894755262157632
12.73852794676176
12.58448152558819
12.432580283154785
12.282789183861162
12.13507385717139
11.989400583160394
11.845736278415814
11.704048482283293
11.56430534344864
11.426475606844987
11.290528600878325
11.156434224961307
11.024162937347779
10.893685743259732
10.76497418329918
10.638000322136254
10.512736737467996
10.389156509238616
10.2672332091161
10.146940890216861
10.028254077073315
9.911147755836522
9.795597364709366
9.68157878460254
9.569068330009166
9.4580427400909
9.348479169971354
9.24035518223023
9.133648738594243
9.02833819181865
8.924402277755318
8.821820107602084
8.72057116032907
8.620635275277099
8.521992644924508
8.424623807817195
8.328509641658531
8.233631356554962
8.139970488412919
8.047508892483966
7.956228737053895
7.866112497272636
7.777142949121059
7.689303163511697
7.602576500519683
7.516946603741136
7.432397394775398
7.348913067828446
7.266478084434317
7.185077168291825
7.104695300213577
7.025317713184744
6.94692988752885
6.869517546177914
6.793066650044666
6.717563393494125
6.6429941999124145
6.569345717370151
6.496604814378559
6.4247585757358205
6.353794298461616
6.283699487817782
6.214461853412987
6.146069305389616
6.078509950690663
6.011772089405024
5.94584421118925
5.880714991763882
5.816373289482829
5.7528081419739445
5.690008762849254
5.6279645384831145
5.5666650248568486
5.506099944468287
5.446259183304739
5.3871327878779125
5.3287109623193345
5.270984065535189
5.213942608418663
5.157577251119031
5.101878800366048
5.046838206848128
4.992446562643533
4.938695098703039
4.885575182383162
4.833078315028599
4.781196129603048
4.729920388367064
4.679242980602097
4.62915592037959
4.579651344374268
4.53072150972042
4.482358791910506
4.434555682734952
4.3873047882622735
4.340598826858798
4.294430627246896
4.248793126601049
4.203679368680845
4.159082502000227
4.114995778031981
4.071412549447047
4.028326268387495
3.9857304847728496
3.9436188446387126
3.9019850885072977
3.860823049788852
3.82012665321372
3.77988991329398
3.7401069328143866
3.7007719013517373
3.6618790938222827
3.6234228690563426
3.5853976683998576
3.547798014341985
3.5106185091685553
3.4738538336404603
3.4374987456968467
3.4015480791822474
3.365996742597441
3.3308397178733404
3.2960720591676163
3.2616888916833613
3.2276854105096486
3.1940568794832087
3.1607986300710706
3.127906060273519
3.0953746335471575
3.0631998777474743
3.031377384090727
2.9999028061344726
2.968771858776734
2.9379803172730297
2.9075240162712994
2.877398848863995
2.84760076565733
2.818125773857056
2.7889699363707
2.7601293709256676
2.731600249203174
2.703378795987435
2.6754612883300144
2.6478440547289037
2.6205234743221224
2.593495976095479
2.566758038104297
2.5403061867087624
2.514136995822719
2.4882470861754697
2.46263312458661
2.4372918232533056
2.4122199390501344
2.3874142728408843
2.3628716688024305
2.3385890137601186
2.3145632365347586
2.290791307300718
2.267270236955134
2.243997076497869
2.220968916422104
2.1981828861153128
2.175636153270445
2.153325923307144
2.131249438802727
2.1094039789328702
2.087786858921703
2.0663954295011986
2.045227076379662
2.0242792197191593
2.003549313621702
1.9830348456240297
1.962733336200872
1.9426423382764575
1.92275943674416
1.9030822479941611
1.8836084194489027
1.8643356291062647
1.8452615850902772
1.8263840252092494
1.807700716521166
1.78920945490624
1.7709080646464568
1.7527943980120373
1.7348663348546078
1.7171217822070681
1.6995586738899235
1.6821749701240467
1.6649686571497195
1.647937746851822
1.6310802763911174
1.6143943078414533
1.5978779278328366
1.5815292472002185
1.565346400637939
1.5493275463597054
1.533470865763999
1.517774563104827
1.5022368651677327
1.4868560209509458
1.471630301351606
1.4565579988569566
1.4416374272404227
1.426866921262501
1.412244836376356
1.3977695484380555
1.3834394534213534
1.36925296713697
1.3552085249562325
1.3413045815390605
1.3275396105662045
1.3139121044756241
1.300420574203003
1.2870635489262612
1.2738395758140557
1.2607472197781513
1.2477850632296268
1.2349517058388406
1.2222457642990932
1.209665872093916
1.1972106792679336
1.184878852201246
1.1726690733872438
1.160580041213824
1.1486104697479596
1.1367590885235004
1.1250246423322516
1.1134058910181832
1.1019016092747729
1.0905105864454063
1.0792316263267945
1.0680635469753519
1.0570051805164804
1.0460553729567306
1.035212983998772
1.0244768868591303
1.013845968088658
1.0033191273956785
0.9928952774717653
0.9825733438201149
0.9723522645864685
0.9622309903925395
0.9522084841719098
0.9422837210083488
0.9324556879765226
0.9227233839850454
0.913085819621847
0.9035420170018068
0.8940910096166221
0.884731842186882
0.8754635705162951
0.8662852613480543
0.8571959922232902
0.8481948513415841
0.8392809374235151
0.8304533595751962
0.821711237154773
0.8130536996408587
0.8044798865028648
0.7959889470732091
0.7875800404213563
0.7792523352296757
0.7710050096710818
0.7628372512884289
0.754748256875632
0.7467372323604884
0.7388033926891755
0.7309459617123858
0.7231641720731017
0.7154572650959429
0.7078244906781038
0.7002651071818299
0.692778381328411
0.685363588093688
0.6780200106050177
0.6707469400397026
0.6635436755248498
0.6564095240386295
0.6493438003129297
0.6423458267373708
0.6354149332646668
0.6285504573173066
0.621751743695543
0.615018144486663
0.6083490189755224
0.6017437335563206
0.5952016616456114
0.5887221835965099
0.5823046866140948
0.5759485646719804
0.5696532184300384
0.5634180551532608
0.5572424886317352
0.5511259391017318
0.5450678331678624
0.5390676037263197
0.5331246898891658
0.5272385369096567
0.5214085961085891
0.5156343248016582
0.5099151862278001
0.5042506494785195
0.4986401894281715
0.49308328666519957
0.4875794274243036
0.4821281035195279
0.4767288122782617
0.4713810564761257
0.4660843442727469
0.4608381891483972
0.4556421098414853
0.450495630286898
0.4453982795551647
0.440349591792446
0.43534910616132316
0.43039636678238746
0.4254909226766112
0.4206323277084873
0.4158201405299376
0.4110539245249599
0.4063332477550271
0.40165768290520104
0.39702680723097616
0.3924402025058249
0.3878974549694407
0.38339815527667026
0.378941898447123
0.3745282838154493
0.37015691498227604
0.3658273997657922
0.3615393501539755
0.3572923822574473
0.3530861162629533
0.3489201763874534
0.34479419083282054
0.3407077917411296
0.3366606151505417
0.33265230095176057
0.3286824928450642
0.32475083829789886
0.32085698850302696
0.31700059833722427
0.3131813263205155
0.3093988345759424
0.305652788789856
0.30194285817272754
0.2982687154204675
0.294630036676249
0.29102650149282533
0.28745779279533934
0.2839235968446102
0.2804236032009002
0.27695750468814545
0.2735249973586532
0.27012578045825025
0.26675955639188204
0.2634260306896566
0.2601249119733193
0.25685591192316504
0.2536187452453669
0.25041312963973006
0.24723878576785113
0.24409543722168958
0.24098281049253495
0.2379006349403715
0.23484864276363127
0.23182656896932852
0.22883415134357543
0.225871130422466
0.2229372494633311
0.22003225441635021
0.21715589389652332
0.21430791915599132
0.21148808405670197
0.2086961450434172
0.20593186111705458
0.203194993808359
0.20048530715189974
0.19780256766038692
0.195146544299303
0.19251700846184386
0.1899137339441656
0.18733649692093038
0.18478507592114812
0.1822592518043084
0.1797588077367973
0.17728352916859516
0.1748332038102496
0.17240762161012138
0.1700065747318932
0.167629857532343
0.16527726653937172
0.16294860043028433
0.16064366001031727
0.15836224819140832
0.1561041699712032
0.15386923241229683
0.1516572446217008
0.14946801773053478
0.14730136487393555
0.14515710117118064
0.14303504370601985
0.14093501150721036
0.1388568255292515
0.1368003086333122
0.13476528556834844
0.13275158295240455
0.13075902925409175
0.1287874547742434
0.1268366916277358
0.12490657372547447
0.12299693675653757
0.1211076181704727
0.11923845715974093
0.11738929464230322
0.11555997324434295
0.11375033728311987
0.11196023274994935
0.11018950729330114
0.10843801020201203
0.10670559238860672
0.10499210637272022
0.10329740626461671
0.10162134774879746
0.09996378806769309
0.09832458600543179
0.09670360187167938
0.09510069748554227
0.0935157361595286
0.0919485826835587
0.09039910330902032
0.08886716573285919
0.08735263908169892
0.08585539389598346
0.08437530211413219
0.08291223705670309
0.08146607341055423
0.0800366872129955
0.07862395583592402
0.07722775796993318
0.07584797360838855
0.0744844840314599
0.07313717179010379
0.0718059206899841
0.0704906157753242
0.0691911433126806
0.06790739077462798
0.06663924682334675
0.06538660129410385
0.06414934517861517
0.06292737060828094
0.06172057083728304
0.06052884022553463
0.05935207422146973
0.058190169344663825
0.057043023168273324
0.0559105343012831
0.05479260237055064
0.05368912800263602
0.052600012805404786
0.051525159349393154
0.050464471148923586
0.04941785264295782
0.04838520917567642
0.04736644697677191
0.04636147314144354
0.04537019561008124
0.04439252314762651
0.04342836532259756
0.042477632485766886
0.04154023574847804
0.040616086960589985
0.03970509868803623
0.03880718418998699
0.03792225739560191
0.03705023288036159
0.036191025841966123
0.035344552075789466
0.0345107279498779
0.03368947037948226
0.03288069680111284
0.03208432514610737
0.03130027381370226
0.030528461643597942
0.029768807888009896
0.02902123218319745
0.028285654520463565
0.027561995216618854
0.026850174883904804
0.02615011439937167
0.025461734873707505
0.024784957619516424
0.02411970411904473
0.02346589599135573
0.022823454958954624
0.02219230281386711
0.02157236138317684
0.020963552494028214
0.02036579793810381
0.01977901943558704
0.01920313859862295
0.018638076894292994
0.018083755607121103
0.017540095801132048
0.01700701828148508
0.016484443555709043
0.01597229179456853
0.015470482792593495
0.014978935928308191
0.014497570124199331
0.014026303806466729
0.01356505486460358
0.013113740610857978
0.012672277739631322
0.012240582286873596
0.011818569589540424
0.011406154245181236
0.011003250071733093
0.01060977006759945
0.010225626372098614
0.009850730226371986
0.009484991934847174
0.009128320827357305
0.008780625222022847
0.008441812389008351
0.00811178851527196
0.007790458670431617
0.007477726773877259
0.007173495563264344
0.006877666564529426
0.006590140063574251
0.006310815079770032
0.0060395893414389905
0.0057763592634750074
0.005521019927270196
0.005273465063118209
0.005033587035269604
0.004801276829817524
0.004576424045595526
0.004358916888271539
0.004148642167823753
0.00394548529958554
0.003749330309046559
0.0035600598405968135
0.0033775551703987845
0.0032016962235702578
0.0030323615958567844
0.002869428579967761
0.002712773196743991
0.0025622702313170052
0.002417793274411404
0.0022792147689308737
0.0021464060619563836
0.0020192374622711993
0.0018975783035116251
0.0017812970130249499
0.0016702611864967568
0.0015643376683883794
0.0014633926382021506
0.0013672917025667696
0.001275899993108075
0.0011890822700411617
0.001106703031388927
0.0010286266276989472
0.0009547173820960036
0.0008848397154709963
0.0008188582765690284
0.0007566380766999324
0.0006980446287538861
0.0006429440901630358
0.0005912034094076457
0.0005426904756223448
0.0004972742708150237
0.00045482502416807077
0.00041521436784944856
0.0003783154937199004
0.0003440033102829441
0.00031215459918664337
0.000282648170551055
0.00025536501636327035
0.00023018846115364463
0.00020700430914284514
0.00018570098703024583
0.00016616968158066861
0.00014830447115911173
0.0001320024503625135
0.00011716384690439391
0.000103692129922955
0.00009149410890639471
0.00008048002246129472
0.00007056361619133055
0.00006166220900454518
0.00005369674722818818
0.00004659184598074824
0.000040275817331202294
0.000034680684865457246
0.000029742184379067814
0.0000253997505229887
0.000021596489344583183
0.000018279136788361693
0.00001539800334875538
0.000012906905199209165
0.000010763082256349456
8.927103773084948*^-6
7.362762188171728*^-6
6.036956089777808*^-6
4.919563274535697*^-6
3.9833049989835825*^-6
3.203602624616809*^-6
2.558427948452613*^-6
2.0281485855675037*^-6
1.5953698261572765*^-6
1.244774425176679*^-6
9.62961795735017*^-7
7.382880667552117*^-7
5.607084300410204*^-7
4.2162314151485807*^-7
3.137284563169993*^-7
2.3087366874455855*^-7
1.6792529746155416*^-7
1.206393066081468*^-7
8.554208771021706*^-8
5.982074967076073*^-8
4.122307924613897*^-8
2.7967347371763147*^-8
1.8661952888275375*^-8
1.2234720085756362*^-8
7.871505310669211*^-9
4.963625512335132*^-9
3.0635021867515844*^-9
1.8478209022163542*^-9
1.0874415033066754*^-9
6.232579189755086*^-10
3.471985971062877*^-10
1.875769401121222*^-10
9.804247095603729*^-11
4.944354212158872*^-11
2.398622431723849*^-11
1.115624869535931*^-11
4.9562587132486814*^-12
2.0943401308583478*^-12
8.378137086846205*^-13
3.1560137737866925*^-13
1.112745931788827*^-13
3.6469533857890125*^-14
1.1023633294510168*^-14
3.045477705672641*^-15
7.610141512715611*^-16
1.6993417021166353*^-16
3.343376962648839*^-17
5.700374459777961*^-18
8.258839968036097*^-19
9.933243707741992*^-20
9.643749239819581*^-21
7.305367838755831*^-22
4.14244048958267*^-23
1.6703860293542066*^-24
4.492363586913114*^-26
7.429221052268902*^-28
6.805147496662059*^-30
3.011541199864973*^-32
5.36552136689807*^-35
3.0011712551757446*^-38
3.720075976020833*^-42
6.177532755504213*^-47
6.45802579104732*^-53
1.296680908637126*^-60
6.9093166892735434*^-71
2.7677930534734727*^-85
6.672975538853185*^-107
5.728638853520876*^-143
3.5622882033706393*^-215
5.0759588975494521*^-432